sensor_kit_base_link:
  tamagawa/imu_link:
    x: -0.00044
    y: 0.00615
    z: -0.1009
    roll: 3.14159265359
    pitch: 0.0
    yaw: 0.0


